845632179732918654196745328683574912457291836219863547361429785574186293928357461
832456791957182463416973258679541832523768149184329576761834925295617384348295617
495618237726349581318725469572894316643571892189263745837956124264187953951432678
256831749837649512194725386641587923725193864389462175978254631562318497413976258
325867194681495327794321568539614872268739451417582639153978246942156783876243915
361725948987413256254869137876934512523186794419257683645371829738592461192648375
857261394312495786964378215195734628728956143643182579581647932479523861236819457
893275146657941328142638597971584632468329751325167984536412879714893265289756413
361725948987413256254869137876934512523186794419257683645371829738592461192648375
857392416214856379936147285568429137492731658173685942321568794645973821789214563
359481762764923851128567349215678493473259186896134275942716538681345927537892614
172854396468193275539726481914672853657389124823415769385261947246937518791548632
125649378834715296697382415746953182359821764281476953573298641468137529912564837
841365792736294815529187634285671349697432158413859267172543986358926471964718523
361725948987413256254869137876934512523186794419257683645371829738592461192648375
238467915415293678796851234973548162624139857851726493587912346162374589349685721
312865947657934182894172563246791358135486279789523416478319625523648791961257834
271839546469275813835164792342917658658423971917586234123758469796342185584691327
362794185518623794497185236859462371146837529273519468935248617781356942624971853
672841359495763281381952674813697425526314798749528136267189543138475962954236817
987521463463978512215346987341769258726835194598214376132657849874192635659483721
675948213328165974149732568291357486486291735537684129814523697952876341763419852
384729156125346978796581423417693582862415397953872614231967845649258731578134269
953781624627394518841256937364518279295637841178942356419823765536479182782165493
197384562852671934463952871589713246634298715271465398315847629746529183928136457
149725683826431957573869142385197264914256378267384591758912436492673815631548729
927136845641985723835472691364759182258614379179328564493567218586291437712843956
972863541618745923453291687549128736821637459736459218295386174184972365367514892
852716943197843652463925187278634591645179328931582476786491235314258769529367814
193672485462358971785914623538296714674135298219487356826741539941523867357869142
345871269279653184861429537197346852452718396683592741738264915516937428924185673
132649785758213649964785123543897216276531894891426537619378452327154968485962371
785924631924163587631578249843692715159387426276451398468739152397215864512846973
294863517715429638863751492152947863479386251638512974986134725521678349347295186
384567921126439785759821346563798214847312659912645873231974568495286137678153492
159743862276589431348612759624978315917235684583164297435821976861497523792356148
763128459924567831851934276418295367275643198639781542342876915186359724597412683
173859624298746153456231978317428569849165732625973841582694317934517286761382495
947531826635824917218796453563187249894652371172349568386475192759218634421963785
873961425624753918951248376518694237269137584437582691382475169795316842146829753
846913752395742816172658934754289163983165247621437589238594671419876325567321498
172843659958627431643519728864352197537961284219784365491238576385176942726495813
792568143453219867861374952625893714379142685148756239284931576937685421516427398
673815429145279836982634571419563782367428915258791364521987643834156297796342158
792568143453219867861374952625893714379142685148756239284931576937685421516427398
162857493534129678789643521475312986913586742628794135356478219241935867897261354
927834561168975234345162789234796815591248673876513492752389146413657928689421357
837456192296183475451729386682374951175298643943561728719835264328647519564912837
983674215416532879752891346839725164567143928124986537391468752675219483248357691
619532487384967512725841396963158274271394865548726931436219758157483629892675143
987654321246173985351928746128537694634892157795461832519286473472319568863745219
